{
 "cells": [
  {
   "cell_type": "markdown",
   "id": "08514608",
   "metadata": {},
   "source": [
    "# Fit the Z peak in CMS dimuon data from 2012\n",
    "\n",
    "We use the RooFit dataset from the 2012 CMS open data that we created in the other notebook. We create a binned dataset in the range 70 - 110 GeV, and fit the peak using a Bukin PDF, a Gaussian-like distribution that allows for asymmetric tails.\n",
    "\n",
    "The full dimuon spectrum looks like this:\n",
    "![spectrum.png](spectrum.png)\n",
    "\n",
    "**Author**: Stephan Hageboeck (CERN)"
   ]
  },
  {
   "cell_type": "markdown",
   "id": "fab7d826",
   "metadata": {},
   "source": [
    "## 1. Open the file and prepare the binned dataset\n",
    "We convert the RooDataSet of the entire dimuon spectrum to a binned dataset in the range [70, 110] GeV"
   ]
  },
  {
   "cell_type": "code",
   "execution_count": 1,
   "id": "e4984826",
   "metadata": {},
   "outputs": [
    {
     "name": "stdout",
     "output_type": "stream",
     "text": [
      "\n",
      "\u001b[1mRooFit v3.60 -- Developed by Wouter Verkerke and David Kirkby\u001b[0m \n",
      "                Copyright (C) 2000-2013 NIKHEF, University of California & Stanford University\n",
      "                All rights reserved, please read http://roofit.sourceforge.net/license.txt\n",
      "\n",
      "RooDataSet::dataset[x] = 25794885 entries\n"
     ]
    }
   ],
   "source": [
    "TFile file2(\"RFDataset.root\", \"READ\");\n",
    "auto dataset = file2.Get<RooDataSet>(\"dataset\");\n",
    "dataset->Print();\n",
    "\n",
    "RooRealVar x(\"x\", \"m_{#mu#mu}\", 70, 110, \"GeV\");\n",
    "RooDataHist hist(\"hist\", \"hist\", {x});\n",
    "hist.add(*dataset, \"x>70 && x<110\");\n",
    "\n",
    "file2.Close();"
   ]
  },
  {
   "cell_type": "markdown",
   "id": "82e62aa5",
   "metadata": {},
   "source": [
    "## 2. Declare background and signal fit models\n",
    "For the background distribution, we use a sum of the three 2nd-order [Bernstein polynomials](https://root.cern.ch/doc/master/classRooBernstein.html). These are useful for describing somewhat (but not really) flat background distributions.\n",
    "\n",
    "For the signal model, we use the [Bukin PDF](https://root.cern.ch/doc/master/classRooBukinPdf.html), which is good for fitting asymmetric peaks."
   ]
  },
  {
   "cell_type": "code",
   "execution_count": 2,
   "id": "80622b60",
   "metadata": {},
   "outputs": [],
   "source": [
    "RooRealVar a(\"a\", \"Bernstein 1st coefficient\", 0, 100);\n",
    "RooRealVar b(\"b\", \"Bernstein 2nd coefficient\", 0, 100);\n",
    "RooRealVar c(\"c\", \"Bernstein 3rd coefficient\", 0, 100);\n",
    "RooBernstein bernstein(\"bernstein\", \"Bernstein polynomials\", x, {a, b, c});\n",
    "\n",
    "RooRealVar mean(\"mean\", \"mean\", 80, 100, \"GeV\");\n",
    "RooRealVar sigma(\"sigma\", \"sigma\", 1, 10, \"GeV\");\n",
    "RooRealVar xi(\"asymmetry\", \"Peak asymmetry\", 0, -0.9, 0.9); \n",
    "RooRealVar tailL(\"tailL\", \"Left tail\", 0, -0.9999, -0.00001);\n",
    "RooRealVar tailR(\"tailR\", \"Right tail\", 0, 0.00001, 0.9999);\n",
    "RooBukinPdf buk(\"buk\", \"Bukin distribution\",\n",
    "                x, mean, sigma,\n",
    "                xi, tailL, tailR);"
   ]
  },
  {
   "cell_type": "markdown",
   "id": "c0168d49",
   "metadata": {},
   "source": [
    "## 3. Combine the signal and background models\n",
    "We define parameters for counting the number of signal and background events. We expect a few million events for each. To help the minimiser, we should keep these parameters close to 1. We can achieve this by scaling them up by a million using a RooFormulaVar."
   ]
  },
  {
   "cell_type": "code",
   "execution_count": 3,
   "id": "c40d2abd",
   "metadata": {},
   "outputs": [],
   "source": [
    "RooRealVar sig(\"sig\", \"sig\", 0., 10., \"M\");\n",
    "RooRealVar bkg(\"bkg\", \"bkg\", 0., 10., \"M\");\n",
    "RooFormulaVar sigM(\"sigM\", \"1.E6 * sig\", sig);\n",
    "RooFormulaVar bkgM(\"bgkM\", \"1.E6 * bkg\", bkg);\n",
    "\n",
    "RooAddPdf sumModel(\"sum\", \"Bukin + Bernstein\", {buk, bernstein}, {sigM, bkgM});"
   ]
  },
  {
   "cell_type": "markdown",
   "id": "8bbc0abe",
   "metadata": {},
   "source": [
    "### Visualising the model\n",
    "RooFit can export the model in graphViz format."
   ]
  },
  {
   "cell_type": "code",
   "execution_count": 4,
   "id": "2d7653f8",
   "metadata": {},
   "outputs": [],
   "source": [
    "sumModel.graphVizTree(\"sumModel.dot\");"
   ]
  },
  {
   "cell_type": "markdown",
   "id": "5e8e78ed",
   "metadata": {},
   "source": [
    "Executables such as `dot` or `neato` can be used to layout the graph."
   ]
  },
  {
   "cell_type": "code",
   "execution_count": 5,
   "id": "7f019d61",
   "metadata": {},
   "outputs": [],
   "source": [
    "%shell dot -Tpng -o sumModel.png sumModel.dot"
   ]
  },
  {
   "cell_type": "markdown",
   "id": "78fa2c08",
   "metadata": {},
   "source": [
    "The original model is:\n",
    "<img src='sumModel.png' width=\"1024\">"
   ]
  },
  {
   "cell_type": "markdown",
   "id": "1273d83e",
   "metadata": {},
   "source": [
    "## 4. Fit to data\n",
    "By passing the dataset to the fit model, we can minimise the likelihood. We also ask RooFit to save the fit result for later inspection."
   ]
  },
  {
   "cell_type": "code",
   "execution_count": 6,
   "id": "e0dc45f1",
   "metadata": {},
   "outputs": [
    {
     "name": "stdout",
     "output_type": "stream",
     "text": [
      "[#1] INFO:Minimization -- p.d.f. provides expected number of events, including extended term in likelihood.\n",
      "[#1] INFO:NumericIntegration -- RooRealIntegral::init(buk_Int[x]) using numeric integrator RooIntegrator1D to calculate Int(x)\n",
      "[#1] INFO:Minimization -- RooAbsMinimizerFcn::setOptimizeConst: activating const optimization\n",
      "[#1] INFO:NumericIntegration -- RooRealIntegral::init(buk_Int[x]) using numeric integrator RooIntegrator1D to calculate Int(x)\n",
      "[#1] INFO:Minimization --  The following expressions will be evaluated in cache-and-track mode: (buk,bernstein)\n",
      " **********\n",
      " **    1 **SET PRINT           1\n",
      " **********\n",
      " **********\n",
      " **    2 **SET NOGRAD\n",
      " **********\n",
      " PARAMETER DEFINITIONS:\n",
      "    NO.   NAME         VALUE      STEP SIZE      LIMITS\n",
      "     1 a            5.00000e+01  1.00000e+01    0.00000e+00  1.00000e+02\n",
      "     2 asymmetry    0.00000e+00  1.80000e-01   -9.00000e-01  9.00000e-01\n",
      "     3 b            5.00000e+01  1.00000e+01    0.00000e+00  1.00000e+02\n",
      "     4 bkg          5.00000e+00  1.00000e+00    0.00000e+00  1.00000e+01\n",
      "     5 c            5.00000e+01  1.00000e+01    0.00000e+00  1.00000e+02\n",
      "     6 mean         9.00000e+01  2.00000e+00    8.00000e+01  1.00000e+02\n",
      "     7 sig          5.00000e+00  1.00000e+00    0.00000e+00  1.00000e+01\n",
      "     8 sigma        5.50000e+00  9.00000e-01    1.00000e+00  1.00000e+01\n",
      "     9 tailL       -1.00000e-05  9.99890e-02   -9.99900e-01 -1.00000e-05\n",
      " MINUIT WARNING IN PARAM DEF\n",
      " ============== STARTING VALUE IS AT LIMIT.\n",
      " MINUIT WARNING IN PARAMETR\n",
      " ============== VARIABLE9 IS AT ITS UPPER ALLOWED LIMIT.\n",
      " MINUIT WARNING IN PARAMETR\n",
      " ============== VARIABLE9 BROUGHT BACK INSIDE LIMITS.\n",
      "    10 tailR        1.00000e-05  9.99890e-02    1.00000e-05  9.99900e-01\n",
      " MINUIT WARNING IN PARAM DEF\n",
      " ============== STARTING VALUE IS AT LIMIT.\n",
      " MINUIT WARNING IN PARAMETR\n",
      " ============== VARIABLE10 IS AT ITS LOWER ALLOWED LIMIT.\n",
      " MINUIT WARNING IN PARAMETR\n",
      " ============== VARIABLE10 BROUGHT BACK INSIDE LIMITS.\n",
      " **********\n",
      " **    3 **SET ERR         0.5\n",
      " **********\n",
      " **********\n",
      " **    4 **SET PRINT           1\n",
      " **********\n",
      " **********\n",
      " **    5 **SET STR           1\n",
      " **********\n",
      " NOW USING STRATEGY  1: TRY TO BALANCE SPEED AGAINST RELIABILITY\n",
      " **********\n",
      " **    6 **MIGRAD        5000           1\n",
      " **********\n",
      " FIRST CALL TO USER FUNCTION AT NEW START POINT, WITH IFLAG=4.\n",
      " MINUIT WARNING IN MIGrad    \n",
      " ============== VARIABLE9 IS AT ITS UPPER ALLOWED LIMIT.\n",
      " MINUIT WARNING IN MIGrad    \n",
      " ============== VARIABLE10 IS AT ITS LOWER ALLOWED LIMIT.\n",
      " START MIGRAD MINIMIZATION.  STRATEGY  1.  CONVERGENCE WHEN EDM .LT. 1.00e-03\n",
      " FCN=-6.66231e+07 FROM MIGRAD    STATUS=INITIATE      241 CALLS         242 TOTAL\n",
      "                     EDM= unknown      STRATEGY= 1      NO ERROR MATRIX       \n",
      "  EXT PARAMETER               CURRENT GUESS       STEP         FIRST   \n",
      "  NO.   NAME      VALUE            ERROR          SIZE      DERIVATIVE \n",
      "   1  a            2.93749e+00   1.00000e+01   0.00000e+00   1.55939e+04\n",
      "   2  asymmetry    0.00000e+00   1.80000e-01   0.00000e+00  -2.58714e+05\n",
      "   3  b            2.17342e+01   1.00000e+01   0.00000e+00   5.01823e+03\n",
      "   4  bkg          5.00000e+00   1.00000e+00   0.00000e+00   2.48028e+06\n",
      "   5  c            2.43540e-02   1.00000e+01   0.00000e+00   3.67762e+03\n",
      "   6  mean         9.00000e+01   2.00000e+00   0.00000e+00  -2.98413e+06\n",
      "   7  sig          5.00000e+00   1.00000e+00   0.00000e+00   1.66490e+06\n",
      "   8  sigma        1.94473e+00   9.00000e-01   0.00000e+00  -6.69340e+04\n",
      "   9  tailL       -8.99562e-01   9.99890e-02  -2.49498e+00   2.95554e+03\n",
      "  10  tailR        1.09536e-05   9.99890e-02   0.00000e+00   1.41180e+02\n",
      "                               ERR DEF= 0.5\n",
      " MIGRAD FAILS TO FIND IMPROVEMENT\n",
      " MINUIT WARNING IN HESSE   \n",
      " ============== Negative diagonal element 10 in Error Matrix\n",
      " MINUIT WARNING IN HESSE   \n",
      " ============== 976.098 added to diagonal of error matrix\n",
      " EIGENVALUES OF SECOND-DERIVATIVE MATRIX:\n",
      "        -2.0901e+01  9.2835e-05  2.1736e-01  2.7695e-01  9.4700e-01  9.8111e-01  1.2502e+00  1.5067e+00  2.0529e+00  2.3669e+01\n",
      " MINUIT WARNING IN HESSE   \n",
      " ============== MATRIX FORCED POS-DEF BY ADDING 20.924930 TO DIAGONAL.\n",
      " FCN=-6.7964e+07 FROM HESSE     STATUS=NOT POSDEF     88 CALLS        1745 TOTAL\n",
      "                     EDM=3.84033e+06    STRATEGY= 1      ERR MATRIX NOT POS-DEF\n",
      "  EXT PARAMETER                APPROXIMATE        STEP         FIRST   \n",
      "  NO.   NAME      VALUE            ERROR          SIZE      DERIVATIVE \n",
      "   1  a            5.89098e+00   2.98571e-02   4.63957e-03   4.27179e+03\n",
      "   2  asymmetry   -6.74066e-02   7.89331e-04   1.98144e-03   8.38548e+03\n",
      "   3  b            1.06216e+01   5.88063e-02   7.48251e-03   1.86845e+03\n",
      "   4  bkg          1.48700e+00   2.38296e-03   2.48607e-03   1.54619e+03\n",
      "   5  c            8.35886e-01   6.13410e-03   4.29518e-03   4.62045e+03\n",
      "   6  mean         9.09512e+01   1.64372e-03   8.07753e-04   2.70263e+04\n",
      "   7  sig          4.37579e+00   1.78059e-03   2.57321e-03   8.32785e+03\n",
      "   8  sigma        2.13312e+00   3.04886e-03   2.37548e-03   9.15625e+03\n",
      "   9  tailL       -1.59231e-04   1.61753e-05   3.72451e-02   6.08794e+02\n",
      "  10  tailR        3.98713e-03   7.35698e-01   1.39961e-01   5.95237e+02\n",
      "                               ERR DEF= 0.5\n",
      "[#0] WARNING:Integration -- RooIntegrator1D::integral: integral of buk over range (70,110) did not converge after 20 steps\n",
      "   [1] h = 1 , s = 0.000841807\n",
      "   [2] h = 0.25 , s = 19.9386\n",
      "   [3] h = 0.0625 , s = 10.0423\n",
      "   [4] h = 0.015625 , s = 1.76643e+08\n",
      "   [5] h = 0.00390625 , s = 2.94199e+25\n",
      "   [6] h = 0.000976562 , s = 3.35132e+37\n",
      "   [7] h = 0.000244141 , s = 1.67566e+37\n",
      "   [8] h = 6.10352e-05 , s = 2.43962e+40\n",
      "   [9] h = 1.52588e-05 , s = 7.61179e+41\n",
      "   [10] h = 3.8147e-06 , s = 4.28672e+41\n",
      "   [11] h = 9.53674e-07 , s = 8.21522e+41\n",
      "   [12] h = 2.38419e-07 , s = 1.10303e+42\n",
      "   [13] h = 5.96046e-08 , s = 9.76382e+41\n",
      "   [14] h = 1.49012e-08 , s = 1.04444e+42\n",
      "   [15] h = 3.72529e-09 , s = 1.01145e+42\n",
      "   [16] h = 9.31323e-10 , s = 9.95224e+41\n",
      "   [17] h = 2.32831e-10 , s = 1.00341e+42\n",
      "   [18] h = 5.82077e-11 , s = 1.00751e+42\n",
      "   [19] h = 1.45519e-11 , s = 1.00546e+42\n",
      "   [20] h = 3.63798e-12 , s = 1.00649e+42\n",
      " MIGRAD FAILS TO FIND IMPROVEMENT\n",
      " MACHINE ACCURACY LIMITS FURTHER IMPROVEMENT.\n",
      " MIGRAD MINIMIZATION HAS CONVERGED.\n",
      " MIGRAD WILL VERIFY CONVERGENCE AND ERROR MATRIX.\n",
      " EIGENVALUES OF SECOND-DERIVATIVE MATRIX:\n",
      "        -2.9065e-03  1.1181e-01  2.0998e-01  4.7107e-01  9.2539e-01  9.9609e-01  1.2365e+00  1.4745e+00  1.8218e+00  2.7558e+00\n",
      " MINUIT WARNING IN HESSE   \n",
      " ============== MATRIX FORCED POS-DEF BY ADDING 0.005662 TO DIAGONAL.\n",
      " MIGRAD TERMINATED WITHOUT CONVERGENCE.\n",
      " FCN=-6.79643e+07 FROM MIGRAD    STATUS=FAILED       2433 CALLS        2434 TOTAL\n",
      "                     EDM=0.256776    STRATEGY= 1      ERR MATRIX NOT POS-DEF\n",
      "  EXT PARAMETER                APPROXIMATE        STEP         FIRST   \n",
      "  NO.   NAME      VALUE            ERROR          SIZE      DERIVATIVE \n",
      "   1  a            6.08554e+00   3.06990e-01   5.20470e-03   3.01148e+01\n",
      "   2  asymmetry   -7.54265e-02   6.00110e-04   1.94884e-03   1.83955e+02\n",
      "   3  b            1.01537e+01   4.97890e-01   8.21396e-03  -2.67622e+00\n",
      "   4  bkg          1.44935e+00   2.79290e-03   2.49596e-03  -1.31050e+02\n",
      "   5  c            8.42499e-01   4.59613e-02   4.69500e-03   9.26838e+01\n",
      "   6  mean         9.09624e+01   2.29235e-03   8.06198e-04  -9.75731e+02\n",
      "   7  sig          4.40551e+00   3.27369e-03   2.57876e-03   1.29519e+02\n",
      "   8  sigma        2.13456e+00   1.70285e-03   2.38650e-03  -1.98233e+02\n",
      "   9  tailL       -1.00393e-05   1.01505e-05   3.63268e-02** at limit **\n",
      "  10  tailR        4.42704e-02   1.65916e-03   2.70609e-02   2.92535e+01\n",
      "                               ERR DEF= 0.5\n",
      " EXTERNAL ERROR MATRIX.    NDIM=  25    NPAR= 10    ERR DEF=0.5\n",
      "  9.425e-02  1.370e-05 -1.516e-01  2.269e-04 -1.389e-02 -2.781e-05 -2.264e-04  9.340e-05  2.312e-09  5.994e-05 \n",
      "  1.370e-05  3.601e-07 -1.656e-05  5.379e-07 -2.360e-06 -1.062e-06 -5.374e-07 -4.318e-08 -1.296e-11  5.890e-07 \n",
      " -1.516e-01 -1.656e-05  2.479e-01 -2.519e-04  2.223e-02  3.429e-05  2.513e-04 -1.122e-04 -2.993e-09 -5.277e-05 \n",
      "  2.269e-04  5.379e-07 -2.519e-04  7.800e-06 -3.756e-05 -1.096e-06 -6.343e-06  2.348e-06  8.323e-11  2.418e-06 \n",
      " -1.389e-02 -2.360e-06  2.223e-02 -3.756e-05  2.112e-03  4.894e-06  3.747e-05 -1.686e-05 -4.419e-10 -7.631e-06 \n",
      " -2.781e-05 -1.062e-06  3.429e-05 -1.096e-06  4.894e-06  5.255e-06  1.095e-06  1.701e-07  2.427e-11 -1.270e-06 \n",
      " -2.264e-04 -5.374e-07  2.513e-04 -6.343e-06  3.747e-05  1.095e-06  1.072e-05 -2.343e-06 -8.316e-11 -2.415e-06 \n",
      "  9.340e-05 -4.318e-08 -1.122e-04  2.348e-06 -1.686e-05  1.701e-07 -2.343e-06  2.900e-06 -2.193e-11 -2.945e-07 \n",
      "  2.312e-09 -1.296e-11 -2.993e-09  8.323e-11 -4.419e-10  2.427e-11 -8.316e-11 -2.193e-11  1.596e-12  1.296e-11 \n",
      "  5.994e-05  5.890e-07 -5.277e-05  2.418e-06 -7.631e-06 -1.270e-06 -2.415e-06 -2.945e-07  1.296e-11  2.753e-06 \n",
      "ERR MATRIX NOT POS-DEF\n",
      " PARAMETER  CORRELATION COEFFICIENTS  \n",
      "       NO.  GLOBAL      1      2      3      4      5      6      7      8      9     10\n",
      "        1  0.99748   1.000  0.074 -0.992  0.265 -0.984 -0.040 -0.225  0.179  0.006  0.118\n",
      "        2  0.86007   0.074  1.000 -0.055  0.321 -0.086 -0.772 -0.274 -0.042 -0.017  0.592\n",
      "        3  0.99618  -0.992 -0.055  1.000 -0.181  0.971  0.030  0.154 -0.132 -0.005 -0.064\n",
      "        4  0.83446   0.265  0.321 -0.181  1.000 -0.293 -0.171 -0.694  0.494  0.024  0.522\n",
      "        5  0.98654  -0.984 -0.086  0.971 -0.293  1.000  0.046  0.249 -0.215 -0.008 -0.100\n",
      "        6  0.78985  -0.040 -0.772  0.030 -0.171  0.046  1.000  0.146  0.044  0.008 -0.334\n",
      "        7  0.72854  -0.225 -0.274  0.154 -0.694  0.249  0.146  1.000 -0.420 -0.020 -0.445\n",
      "        8  0.67974   0.179 -0.042 -0.132  0.494 -0.215  0.044 -0.420  1.000 -0.010 -0.104\n",
      "        9  0.05431   0.006 -0.017 -0.005  0.024 -0.008  0.008 -0.020 -0.010  1.000  0.006\n",
      "       10  0.80833   0.118  0.592 -0.064  0.522 -0.100 -0.334 -0.445 -0.104  0.006  1.000\n",
      " ERR MATRIX NOT POS-DEF\n",
      " **********\n",
      " **    7 **SET ERR         0.5\n",
      " **********\n",
      " **********\n",
      " **    8 **SET PRINT           1\n",
      " **********\n",
      " **********\n",
      " **    9 **HESSE        5000\n",
      " **********\n",
      " EIGENVALUES OF SECOND-DERIVATIVE MATRIX:\n",
      "        -1.1137e-04  9.0990e-02  2.0600e-01  4.4932e-01  9.1788e-01  9.9981e-01  1.2360e+00  1.4759e+00  1.8316e+00  2.7926e+00\n",
      " MINUIT WARNING IN HESSE   \n",
      " ============== MATRIX FORCED POS-DEF BY ADDING 0.002904 TO DIAGONAL.\n",
      " FCN=-6.79643e+07 FROM HESSE     STATUS=NOT POSDEF     86 CALLS        2520 TOTAL\n",
      "                     EDM=0.29016    STRATEGY= 1      ERR MATRIX NOT POS-DEF\n",
      "  EXT PARAMETER                APPROXIMATE     INTERNAL      INTERNAL  \n",
      "  NO.   NAME      VALUE            ERROR       STEP SIZE       VALUE   \n",
      "   1  a            6.08554e+00   3.03586e-01   2.08188e-04  -2.06932e+00\n",
      "   2  asymmetry   -7.54265e-02   6.44771e-04   3.89768e-04  -8.39057e-02\n",
      "   3  b            1.01537e+01   5.07128e-01   3.28558e-04  -9.22190e-01\n",
      "   4  bkg          1.44935e+00   2.89873e-03   4.99192e-04  -7.89683e-01\n",
      "   5  c            8.42499e-01   4.29017e-02   1.87800e-04  -1.38696e+00\n",
      "   6  mean         9.09624e+01   2.37090e-03   3.22479e-05   9.63927e-02\n",
      "   7  sig          4.40551e+00   3.36777e-03   1.03151e-04  -1.19180e-01\n",
      "   8  sigma        2.13456e+00   1.69686e-03   9.54598e-05  -2.29673e+00\n",
      "   9  tailL       -1.00393e-05   1.01782e-05   7.26536e-03   1.57119e+00\n",
      "                                 WARNING -   - ABOVE PARAMETER IS AT LIMIT.\n",
      "  10  tailR        4.42704e-02   1.86781e-03   1.08244e-03  -1.99475e+00\n",
      "                               ERR DEF= 0.5\n",
      " EXTERNAL ERROR MATRIX.    NDIM=  25    NPAR= 10    ERR DEF=0.5\n",
      "  9.217e-02  2.721e-06 -1.526e-01  3.759e-05 -1.278e-02 -5.591e-06 -3.756e-05  1.061e-05  5.184e-11  1.721e-05 \n",
      "  2.721e-06  4.157e-07  5.093e-06  7.277e-07 -5.797e-07 -1.200e-06 -7.274e-07 -7.799e-08 -2.748e-12  7.883e-07 \n",
      " -1.526e-01  5.093e-06  2.572e-01  7.383e-05  2.105e-02 -1.048e-05 -7.379e-05  2.199e-05  1.054e-10  3.198e-05 \n",
      "  3.759e-05  7.277e-07  7.383e-05  8.403e-06 -9.213e-06 -1.538e-06 -6.952e-06  2.164e-06  1.845e-11  3.169e-06 \n",
      " -1.278e-02 -5.797e-07  2.105e-02 -9.213e-06  1.841e-03  1.265e-06  9.206e-06 -4.835e-06 -2.949e-11 -7.089e-07 \n",
      " -5.591e-06 -1.200e-06 -1.048e-05 -1.538e-06  1.265e-06  5.621e-06  1.537e-06  2.510e-07  5.219e-12 -1.736e-06 \n",
      " -3.756e-05 -7.274e-07 -7.379e-05 -6.952e-06  9.206e-06  1.537e-06  1.134e-05 -2.162e-06 -1.844e-11 -3.167e-06 \n",
      "  1.061e-05 -7.799e-08  2.199e-05  2.164e-06 -4.835e-06  2.510e-07 -2.162e-06  2.879e-06 -5.002e-12 -4.016e-07 \n",
      "  5.184e-11 -2.748e-12  1.054e-10  1.845e-11 -2.949e-11  5.219e-12 -1.844e-11 -5.002e-12  1.601e-12  3.359e-12 \n",
      "  1.721e-05  7.883e-07  3.198e-05  3.169e-06 -7.089e-07 -1.736e-06 -3.167e-06 -4.016e-07  3.359e-12  3.489e-06 \n",
      "ERR MATRIX NOT POS-DEF\n",
      " PARAMETER  CORRELATION COEFFICIENTS  \n",
      "       NO.  GLOBAL      1      2      3      4      5      6      7      8      9     10\n",
      "        1  0.99741   1.000  0.014 -0.991  0.043 -0.981 -0.008 -0.037  0.021  0.000  0.030\n",
      "        2  0.87972   0.014  1.000  0.016  0.389 -0.021 -0.785 -0.335 -0.071 -0.003  0.655\n",
      "        3  0.99631  -0.991  0.016  1.000  0.050  0.968 -0.009 -0.043  0.026  0.000  0.034\n",
      "        4  0.84694   0.043  0.389  0.050  1.000 -0.074 -0.224 -0.712  0.440  0.005  0.585\n",
      "        5  0.98449  -0.981 -0.021  0.968 -0.074  1.000  0.012  0.064 -0.066 -0.001 -0.009\n",
      "        6  0.80391  -0.008 -0.785 -0.009 -0.224  0.012  1.000  0.193  0.062  0.002 -0.392\n",
      "        7  0.74526  -0.037 -0.335 -0.043 -0.712  0.064  0.193  1.000 -0.378 -0.004 -0.503\n",
      "        8  0.67479   0.021 -0.071  0.026  0.440 -0.066  0.062 -0.378  1.000 -0.002 -0.127\n",
      "        9  0.01185   0.000 -0.003  0.000  0.005 -0.001  0.002 -0.004 -0.002  1.000  0.001\n",
      "       10  0.85119   0.030  0.655  0.034  0.585 -0.009 -0.392 -0.503 -0.127  0.001  1.000\n",
      " ERR MATRIX NOT POS-DEF\n",
      "[#1] INFO:Minimization -- RooAbsMinimizerFcn::setOptimizeConst: deactivating const optimization\n"
     ]
    }
   ],
   "source": [
    "auto result = sumModel.fitTo(hist, RooFit::Save());"
   ]
  },
  {
   "cell_type": "markdown",
   "id": "b0c3f3fa",
   "metadata": {},
   "source": [
    "## 5. Inspect the fit result\n",
    "We have a Z peak at 90.96 +- 0.01 GeV, so CMS's open-data muons are probably not fully calibrated. We see 4.4 million Z bosons and 1.4 million background events."
   ]
  },
  {
   "cell_type": "code",
   "execution_count": 7,
   "id": "7a96cf48",
   "metadata": {},
   "outputs": [
    {
     "name": "stdout",
     "output_type": "stream",
     "text": [
      "\n",
      "  RooFitResult: minimized FCN value: -6.79643e+07, estimated distance to minimum: 0.29016\n",
      "                covariance matrix quality: Full matrix, but forced positive-definite\n",
      "                Status : MINIMIZE=-1 HESSE=4 \n",
      "\n",
      "    Floating Parameter    FinalValue +/-  Error   \n",
      "  --------------------  --------------------------\n",
      "                     a    6.0855e+00 +/-  3.04e-01\n",
      "             asymmetry   -7.5427e-02 +/-  6.45e-04\n",
      "                     b    1.0154e+01 +/-  5.07e-01\n",
      "                   bkg    1.4493e+00 +/-  2.90e-03\n",
      "                     c    8.4250e-01 +/-  4.29e-02\n",
      "                  mean    9.0962e+01 +/-  2.37e-03\n",
      "                   sig    4.4055e+00 +/-  3.37e-03\n",
      "                 sigma    2.1346e+00 +/-  1.70e-03\n",
      "                 tailL   -1.0039e-05 +/-  1.02e-05\n",
      "                 tailR    4.4270e-02 +/-  1.87e-03\n",
      "\n"
     ]
    }
   ],
   "source": [
    "result->Print();"
   ]
  },
  {
   "cell_type": "markdown",
   "id": "60156734",
   "metadata": {},
   "source": [
    "## 6. Plot the result\n",
    "We use javascript root to create a plot that we can interact with in this notebook (e.g. zoom or drag things around).\n",
    "We also plot our fit model multiple times:\n",
    "- The full model\n",
    "- The signal component\n",
    "- The background component\n",
    "\n",
    "We add some of the post-fit parameters to the plot. The `Format(\"NEU\")` stands for:\n",
    "**N**ame  **E**rror  **U**nit\n",
    "We give each curve we plot a name, so we can use it to build a legend.\n",
    "\n",
    "One can see in the plot that the Bukin distribution cannot fully capture what really happens in CMS, but this is good enough for a first estimate."
   ]
  },
  {
   "cell_type": "code",
   "execution_count": 8,
   "id": "a60da9e4",
   "metadata": {
    "scrolled": false
   },
   "outputs": [
    {
     "data": {
      "text/html": [
       "\n",
       "\n",
       "<div id=\"root_plot_1639759580165\"\n",
       "     style=\"width: 1020px; height: 740px\">\n",
       "</div>\n",
       "<script>\n",
       "\n",
       "function display_root_plot_1639759580165(Core) {\n",
