{
 "cells": [
  {
   "cell_type": "markdown",
   "id": "207b4002",
   "metadata": {},
   "source": [
    "# Demo how to combine measurements\n",
    "We will do the following here:\n",
    "1. Set up a fit model, generate some data and a likelihood function, and save it to a file.\n",
    "2. Do the same with a second fit model.\n",
    "3. Read both likelihood functions from the files, and combined them by adding the negative log-likelihood.\n",
    "4. Create a profile log-likelihood to find the combined maximum-likelihood estimators."
   ]
  },
  {
   "cell_type": "markdown",
   "id": "2dd4a56d",
   "metadata": {},
   "source": [
    "## First Fit Model"
   ]
  },
  {
   "cell_type": "code",
   "execution_count": 1,
   "id": "2de49500",
   "metadata": {},
   "outputs": [
    {
     "name": "stdout",
     "output_type": "stream",
     "text": [
      "\n",
      "\u001b[1mRooFit v3.60 -- Developed by Wouter Verkerke and David Kirkby\u001b[0m \n",
      "                Copyright (C) 2000-2013 NIKHEF, University of California & Stanford University\n",
      "                All rights reserved, please read http://roofit.sourceforge.net/license.txt\n",
      "\n",
      "[#1] INFO:Minimization -- p.d.f. provides expected number of events, including extended term in likelihood.\n",
      "[#1] INFO:Minimization -- RooAbsMinimizerFcn::setOptimizeConst: activating const optimization\n",
      "[#1] INFO:Minimization --  The following expressions will be evaluated in cache-and-track mode: (sig,bkg)\n",
      " **********\n",
      " **    1 **SET PRINT           1\n",
      " **********\n",
      " **********\n",
      " **    2 **SET NOGRAD\n",
      " **********\n",
      " PARAMETER DEFINITIONS:\n",
      "    NO.   NAME         VALUE      STEP SIZE      LIMITS\n",
      "     1 a0           2.00000e-01  2.00000e-01   -1.00000e+00  1.00000e+00\n",
      "     2 a1          -5.00000e-01  2.00000e-01   -1.00000e+00  1.00000e+00\n",
      "     3 a2           2.00000e-02  2.00000e-01   -1.00000e+00  1.00000e+00\n",
      "     4 mHiggs      -2.80000e+00  2.00000e+00   -1.00000e+01  1.00000e+01\n",
      "     5 nBkg         5.00000e+03  1.01000e+03   -1.00000e+02  1.00000e+04\n",
      "     6 nHiggs       5.00000e+02  1.10000e+02   -1.00000e+02  1.00000e+03\n",
      "     7 sHiggs       5.00000e-01  2.45000e-01    1.00000e-02  1.00000e+01\n",
      " **********\n",
      " **    3 **SET ERR         0.5\n",
      " **********\n",
      " **********\n",
      " **    4 **SET PRINT           1\n",
      " **********\n",
      " **********\n",
      " **    5 **SET STR           1\n",
      " **********\n",
      " NOW USING STRATEGY  1: TRY TO BALANCE SPEED AGAINST RELIABILITY\n",
      " **********\n",
      " **    6 **MIGRAD        3500           1\n",
      " **********\n",
      " FIRST CALL TO USER FUNCTION AT NEW START POINT, WITH IFLAG=4.\n",
      " START MIGRAD MINIMIZATION.  STRATEGY  1.  CONVERGENCE WHEN EDM .LT. 1.00e-03\n",
      " FCN=-5874.25 FROM MIGRAD    STATUS=INITIATE       26 CALLS          27 TOTAL\n",
      "                     EDM= unknown      STRATEGY= 1      NO ERROR MATRIX       \n",
      "  EXT PARAMETER               CURRENT GUESS       STEP         FIRST   \n",
      "  NO.   NAME      VALUE            ERROR          SIZE      DERIVATIVE \n",
      "   1  a0           2.00000e-01   2.00000e-01   2.05758e-01   1.15976e+01\n",
      "   2  a1          -5.00000e-01   2.00000e-01   2.35352e-01  -2.24277e+01\n",
      "   3  a2           2.00000e-02   2.00000e-01   2.01400e-01   1.64758e+01\n",
      "   4  mHiggs      -2.80000e+00   2.00000e+00   2.10285e-01   1.71900e+02\n",
      "   5  nBkg         5.00000e+03   1.01000e+03   2.01368e-01   3.20721e+03\n",
      "   6  nHiggs       5.00000e+02   1.10000e+02   2.02243e-01   3.55339e+02\n",
      "   7  sHiggs       5.00000e-01   2.45000e-01   1.17435e-01  -1.69977e+01\n",
      "                               ERR DEF= 0.5\n",
      " MIGRAD MINIMIZATION HAS CONVERGED.\n",
      " MIGRAD WILL VERIFY CONVERGENCE AND ERROR MATRIX.\n",
      " COVARIANCE MATRIX CALCULATED SUCCESSFULLY\n",
      " FCN=-7352.88 FROM MIGRAD    STATUS=CONVERGED     212 CALLS         213 TOTAL\n",
      "                     EDM=2.13589e-06    STRATEGY= 1      ERROR MATRIX ACCURATE \n",
      "  EXT PARAMETER                                   STEP         FIRST   \n",
      "  NO.   NAME      VALUE            ERROR          SIZE      DERIVATIVE \n",
      "   1  a0           1.82023e-01   4.18682e-02   2.37329e-03  -1.16851e-02\n",
      "   2  a1          -4.58090e-01   4.70729e-02   3.00461e-03   5.64894e-03\n",
      "   3  a2          -6.36842e-03   4.27706e-02   2.28696e-03   6.49984e-03\n",
      "   4  mHiggs      -2.89310e+00   7.33347e-02   4.47565e-04   1.15807e-02\n",
      "   5  nBkg         1.82590e+03   4.77244e+01   6.54963e-04   1.13910e-01\n",
      "   6  nHiggs       1.74150e+02   2.49933e+01   2.42883e-03  -3.30492e-03\n",
      "   7  sHiggs       5.05886e-01   7.51393e-02   1.70981e-03  -2.38773e-03\n",
      "                               ERR DEF= 0.5\n",
      " EXTERNAL ERROR MATRIX.    NDIM=  25    NPAR=  7    ERR DEF=0.5\n",
      "  1.754e-03  3.141e-04  4.766e-04 -2.550e-06 -7.611e-02 -7.609e-02  1.711e-04 \n",
      "  3.141e-04  2.218e-03  1.071e-05  1.763e-04 -2.819e-01 -2.818e-01  6.189e-04 \n",
      "  4.766e-04  1.071e-05  1.830e-03  6.231e-05  3.219e-01  3.218e-01 -6.788e-04 \n",
      " -2.550e-06  1.763e-04  6.231e-05  5.378e-03 -1.517e-01 -1.515e-01  7.910e-04 \n",
      " -7.611e-02 -2.819e-01  3.219e-01 -1.517e-01  2.278e+03  4.516e+02 -9.944e-01 \n",
      " -7.609e-02 -2.818e-01  3.218e-01 -1.515e-01  4.516e+02  6.252e+02 -9.934e-01 \n",
      "  1.711e-04  6.189e-04 -6.788e-04  7.910e-04 -9.944e-01 -9.934e-01  5.648e-03 \n",
      " PARAMETER  CORRELATION COEFFICIENTS  \n",
      "       NO.  GLOBAL      1      2      3      4      5      6      7\n",
      "        1  0.33645   1.000  0.159  0.266 -0.001 -0.038 -0.073  0.054\n",
      "        2  0.28987   0.159  1.000  0.005  0.051 -0.125 -0.239  0.175\n",
      "        3  0.43013   0.266  0.005  1.000  0.020  0.158  0.301 -0.211\n",
      "        4  0.15801  -0.001  0.051  0.020  1.000 -0.043 -0.083  0.144\n",
      "        5  0.39318  -0.038 -0.125  0.158 -0.043  1.000  0.378 -0.277\n",
      "        6  0.62527  -0.073 -0.239  0.301 -0.083  0.378  1.000 -0.529\n",
      "        7  0.54993   0.054  0.175 -0.211  0.144 -0.277 -0.529  1.000\n",
      " **********\n",
      " **    7 **SET ERR         0.5\n",
      " **********\n",
      " **********\n",
      " **    8 **SET PRINT           1\n",
      " **********\n",
      " **********\n",
      " **    9 **HESSE        3500\n",
      " **********\n",
      " COVARIANCE MATRIX CALCULATED SUCCESSFULLY\n",
      " FCN=-7352.88 FROM HESSE     STATUS=OK             50 CALLS         263 TOTAL\n",
      "                     EDM=2.13996e-06    STRATEGY= 1      ERROR MATRIX ACCURATE \n",
      "  EXT PARAMETER                                INTERNAL      INTERNAL  \n",
      "  NO.   NAME      VALUE            ERROR       STEP SIZE       VALUE   \n",
      "   1  a0           1.82023e-01   4.18733e-02   4.74659e-04   1.83043e-01\n",
      "   2  a1          -4.58090e-01   4.70741e-02   1.20184e-04  -4.75845e-01\n",
      "   3  a2          -6.36842e-03   4.28022e-02   4.57392e-04  -6.36846e-03\n",
      "   4  mHiggs      -2.89310e+00   7.33119e-02   1.79026e-05  -2.93506e-01\n",
      "   5  nBkg         1.82590e+03   4.77608e+01   1.30993e-04  -6.67002e-01\n",
      "   6  nHiggs       1.74150e+02   2.50773e+01   9.71532e-05  -2.61621e+00\n",
      "   7  sHiggs       5.05886e-01   7.53999e-02   6.83923e-05  -1.12143e+00\n",
      "                               ERR DEF= 0.5\n",
      " EXTERNAL ERROR MATRIX.    NDIM=  25    NPAR=  7    ERR DEF=0.5\n",
      "  1.754e-03  3.130e-04  4.780e-04 -2.073e-06 -7.604e-02 -7.604e-02  1.721e-04 \n",
      "  3.130e-04  2.218e-03  1.030e-05  1.779e-04 -2.831e-01 -2.831e-01  6.257e-04 \n",
      "  4.780e-04  1.030e-05  1.833e-03  5.987e-05  3.245e-01  3.246e-01 -6.907e-04 \n",
      " -2.073e-06  1.779e-04  5.987e-05  5.375e-03 -1.550e-01 -1.550e-01  7.815e-04 \n",
      " -7.604e-02 -2.831e-01  3.245e-01 -1.550e-01  2.281e+03  4.553e+02 -1.010e+00 \n",
      " -7.604e-02 -2.831e-01  3.246e-01 -1.550e-01  4.553e+02  6.295e+02 -1.010e+00 \n",
      "  1.721e-04  6.257e-04 -6.907e-04  7.815e-04 -1.010e+00 -1.010e+00  5.687e-03 \n",
      " PARAMETER  CORRELATION COEFFICIENTS  \n",
      "       NO.  GLOBAL      1      2      3      4      5      6      7\n",
      "        1  0.33677   1.000  0.159  0.267 -0.001 -0.038 -0.072  0.054\n",
      "        2  0.28994   0.159  1.000  0.005  0.052 -0.126 -0.240  0.176\n",
      "        3  0.43152   0.267  0.005  1.000  0.019  0.159  0.302 -0.214\n",
      "        4  0.15611  -0.001  0.052  0.019  1.000 -0.044 -0.084  0.141\n",
      "        5  0.39482  -0.038 -0.126  0.159 -0.044  1.000  0.380 -0.280\n",
      "        6  0.62852  -0.072 -0.240  0.302 -0.084  0.380  1.000 -0.534\n",
      "        7  0.55428   0.054  0.176 -0.214  0.141 -0.280 -0.534  1.000\n",
      "[#1] INFO:Minimization -- RooAbsMinimizerFcn::setOptimizeConst: deactivating const optimization\n"
     ]
    }
   ],
   "source": [
    "using namespace RooFit;\n",
    "RooRealVar mgg(\"mgg\",\"mgg\",-10,10);\n",
    "\n",
    "RooRealVar mHiggs(\"mHiggs\",\"mHiggs\",-2.8,-10,10);\n",
    "RooRealVar sHiggs(\"sHiggs\",\"sHiggs\",0.5,0.01,10);\n",
    "RooGaussian sig(\"sig\",\"sig\",mgg,mHiggs,sHiggs);\n",
    "\n",
    "RooRealVar a0(\"a0\",\"a0\",0.2,-1,1);\n",
    "RooRealVar a1(\"a1\",\"a1\",-0.5,-1,1);\n",
    "RooRealVar a2(\"a2\",\"a2\",0.02,-1,1);\n",
    "RooChebychev bkg(\"bkg\",\"bkg\",mgg,RooArgList(a0,a1,a2));\n",
    "\n",
    "RooRealVar nHiggs(\"nHiggs\",\"nHiggs\",500,-100.,1000.);\n",
    "RooRealVar nBkg(\"nBkg\",\"nBkg\",5000,-100.,10000.);\n",
    "RooAddPdf model(\"model\",\"model\",{sig,bkg},{nHiggs,nBkg});\n",
    "\n",
    "RooDataSet* dataset = model.generate(mgg,NumEvents(2000),Name(\"data\"));\n",
    "\n",
    "model.fitTo(*dataset);\n",
    "RooNLLVar nll(\"nllATLAS\",\"nll\",model,*dataset);"
   ]
  },
  {
   "cell_type": "markdown",
   "id": "bd5b0fd4",
   "metadata": {},
   "source": [
    "### Write it to a file"
   ]
  },
  {
   "cell_type": "code",
   "execution_count": 2,
   "id": "d0e4a871",
   "metadata": {},
   "outputs": [
    {
     "name": "stdout",
     "output_type": "stream",
     "text": [
      "[#1] INFO:ObjectHandling -- RooWorkspace::import(atlas) importing RooAddPdf::model\n",
      "[#1] INFO:ObjectHandling -- RooWorkspace::import(atlas) importing RooGaussian::sig\n",
      "[#1] INFO:ObjectHandling -- RooWorkspace::import(atlas) importing RooRealVar::mgg\n",
      "[#1] INFO:ObjectHandling -- RooWorkspace::import(atlas) importing RooRealVar::mHiggs\n",
      "[#1] INFO:ObjectHandling -- RooWorkspace::import(atlas) importing RooRealVar::sHiggs\n",
      "[#1] INFO:ObjectHandling -- RooWorkspace::import(atlas) importing RooRealVar::nHiggs\n",
      "[#1] INFO:ObjectHandling -- RooWorkspace::import(atlas) importing RooChebychev::bkg\n",
      "[#1] INFO:ObjectHandling -- RooWorkspace::import(atlas) importing RooRealVar::a0\n",
      "[#1] INFO:ObjectHandling -- RooWorkspace::import(atlas) importing RooRealVar::a1\n",
      "[#1] INFO:ObjectHandling -- RooWorkspace::import(atlas) importing RooRealVar::a2\n",
      "[#1] INFO:ObjectHandling -- RooWorkspace::import(atlas) importing RooRealVar::nBkg\n",
      "[#1] INFO:ObjectHandling -- RooWorkspace::import(atlas) importing dataset data\n",
      "[#1] INFO:ObjectHandling -- RooWorkspace::import(atlas) importing RooNLLVar::nllATLAS\n"
     ]
    }
   ],
   "source": [
    "RooWorkspace atlas(\"atlas\",\"atlas\");\n",
    "atlas.import(model);\n",
    "atlas.import(*dataset);\n",
    "atlas.import(nll);\n",
    "\n",
    "TFile f(\"atlas.root\",\"RECREATE\");\n",
    "atlas.Write();\n",
    "f.Close();"
   ]
  },
  {
   "cell_type": "markdown",
   "id": "c354b828",
   "metadata": {},
   "source": [
    "Let's inspect the workspace"
   ]
  },
  {
   "cell_type": "code",
   "execution_count": 3,
   "id": "97620bd6",
   "metadata": {},
   "outputs": [
    {
     "name": "stdout",
     "output_type": "stream",
     "text": [
      "\n",
      "RooWorkspace(atlas) atlas contents\n",
      "\n",
      "variables\n",
      "---------\n",
      "(a0,a1,a2,mHiggs,mgg,nBkg,nHiggs,sHiggs)\n",
      "\n",
      "p.d.f.s\n",
      "-------\n",
      "RooChebychev::bkg[ x=mgg coefList=(a0,a1,a2) ] = 1.45809\n",
      "RooAddPdf::model[ nHiggs * sig + nBkg * bkg ] = 1.33113\n",
      "RooGaussian::sig[ x=mgg mean=mHiggs sigma=sHiggs ] = 7.90803e-08\n",
      "\n",
      "functions\n",
      "--------\n",
      "RooNLLVar::nllATLAS[ paramSet=(a0,a1,a2,mHiggs,nBkg,nHiggs,sHiggs) ] = 5848.92\n",
      "\n",
      "datasets\n",
      "--------\n",
      "RooDataSet::data(mgg)\n",
      "\n"
     ]
    }
   ],
   "source": [
    "atlas.Print()"
   ]
  },
  {
   "cell_type": "markdown",
   "id": "f9b948fc",
   "metadata": {},
   "source": [
    "## Second fit model\n",
    "Let's do all in on go."
   ]
  },
  {
   "cell_type": "code",
   "execution_count": 4,
   "id": "313c1756",
   "metadata": {},
   "outputs": [
    {
     "name": "stdout",
     "output_type": "stream",
     "text": [
      "[#1] INFO:NumericIntegration -- RooRealIntegral::init(sig_Int[mgg]) using numeric integrator RooIntegrator1D to calculate Int(mgg)\n",
      "[#1] INFO:NumericIntegration -- RooRealIntegral::init(sig_Int[mgg]) using numeric integrator RooIntegrator1D to calculate Int(mgg)\n",
      "[#1] INFO:NumericIntegration -- RooRealIntegral::init(sig_Int[mgg]) using numeric integrator RooIntegrator1D to calculate Int(mgg)\n",
      "[#1] INFO:Minimization -- RooAbsMinimizerFcn::setOptimizeConst: activating const optimization\n",
      "[#1] INFO:NumericIntegration -- RooRealIntegral::init(sig_Int[mgg]) using numeric integrator RooIntegrator1D to calculate Int(mgg)\n",
      "[#1] INFO:Minimization --  The following expressions will be evaluated in cache-and-track mode: (sig,bkg)\n",
      " **********\n",
      " **    1 **SET PRINT           1\n",
      " **********\n",
      " **********\n",
      " **    2 **SET NOGRAD\n",
      " **********\n",
      " PARAMETER DEFINITIONS:\n",
      "    NO.   NAME         VALUE      STEP SIZE      LIMITS\n",
      "     1 mHiggs      -3.20000e+00  2.00000e+00   -1.00000e+01  1.00000e+01\n",
      "     2 nBkg         5.00000e+03  1.00000e+03    0.00000e+00  1.00000e+04\n",
      "     3 nHiggs       5.00000e+02  5.00000e+02   -5.00000e+02  1.00000e+04\n",
      "     4 slope       -2.00000e-01  6.00000e-01   -1.00000e+02  1.00000e+00\n",
      "     5 wHiggs       8.00000e-01  3.50000e-01    1.00000e-01  1.00000e+01\n",
      " **********\n",
      " **    3 **SET ERR         0.5\n",
      " **********\n",
      " **********\n",
      " **    4 **SET PRINT           1\n",
      " **********\n",
      " **********\n",
      " **    5 **SET STR           1\n",
      " **********\n",
      " NOW USING STRATEGY  1: TRY TO BALANCE SPEED AGAINST RELIABILITY\n",
      " **********\n",
      " **    6 **MIGRAD        2500           1\n",
      " **********\n",
      " FIRST CALL TO USER FUNCTION AT NEW START POINT, WITH IFLAG=4.\n",
      " START MIGRAD MINIMIZATION.  STRATEGY  1.  CONVERGENCE WHEN EDM .LT. 1.00e-03\n",
      " FCN=-6652.27 FROM MIGRAD    STATUS=INITIATE       20 CALLS          21 TOTAL\n",
      "                     EDM= unknown      STRATEGY= 1      NO ERROR MATRIX       \n",
      "  EXT PARAMETER               CURRENT GUESS       STEP         FIRST   \n",
      "  NO.   NAME      VALUE            ERROR          SIZE      DERIVATIVE \n",
      "   1  mHiggs      -3.20000e+00   2.00000e+00   2.13281e-01   1.96401e+02\n",
      "   2  nBkg         5.00000e+03   1.00000e+03   2.01358e-01   3.17100e+03\n",
      "   3  nHiggs       5.00000e+02   5.00000e+02   1.67609e-01   2.02809e+03\n",
      "   4  slope       -2.00000e-01   6.00000e-01   5.67462e-02   6.06015e+02\n",
      "   5  wHiggs       8.00000e-01   3.50000e-01   1.42568e-01  -8.14134e+00\n",
      "                               ERR DEF= 0.5\n",
      "[#0] ERROR:InputArguments -- model: calculated negative expected events: -175.32\n",
      "RooAbsMinimizerFcn: Minimized function has error status.\n",
      "Returning maximum FCN so far (-6626.79) to force MIGRAD to back out of this region. Error log follows.\n",
      "Parameter values: \tmHiggs=-3.40158\tnBkg=187.071\tnHiggs=-362.39\tslope=-0.201799\twHiggs=0.98355\n",
      "RooNLLVar::nll_model_data[ paramSet=(mHiggs,nBkg,nHiggs,sHiggs,slope,wHiggs) ]\n",
      "     function value is NAN @ paramSet=(mHiggs = -3.40158,nBkg = 187.071,nHiggs = -362.39,sHiggs = 0.3,slope = -0.201799,wHiggs = 0.98355)\n",
      "RooAddPdf::model[ nHiggs * sig + nBkg * bkg ]\n",
      "     getLogVal() top-level p.d.f evaluates to NaN @ !refCoefNorm=(), !pdfs=(sig = 0.00705478/1.70969,bkg = 7.04558/36.6218), !coefficients=(nHiggs = -362.39,nBkg = 187.071)\n",
      "     p.d.f value is less than zero (-0.199577), trying to recover @ !refCoefNorm=(), !pdfs=(sig = 0.00691372/1.70969,bkg = 7.13663/36.6218), !coefficients=(nHiggs = -362.39,nBkg = 187.071)\n",
      "     getLogVal() top-level p.d.f evaluates to NaN @ !refCoefNorm=(), !pdfs=(sig = 0.00691372/1.70969,bkg = 7.13663/36.6218), !coefficients=(nHiggs = -362.39,nBkg = 187.071)\n",
      "     p.d.f value is less than zero (-0.095539), trying to recover @ !refCoefNorm=(), !pdfs=(sig = 0.0209066/1.70969,bkg = 4.14653/36.6218), !coefficients=(nHiggs = -362.39,nBkg = 187.071)\n",
      "     getLogVal() top-level p.d.f evaluates to NaN @ !refCoefNorm=(), !pdfs=(sig = 0.0209066/1.70969,bkg = 4.14653/36.6218), !coefficients=(nHiggs = -362.39,nBkg = 187.071)\n",
      "     p.d.f value is less than zero (-0.176649), trying to recover @ !refCoefNorm=(), !pdfs=(sig = 0.00825088/1.70969,bkg = 6.40522/36.6218), !coefficients=(nHiggs = -362.39,nBkg = 187.071)\n",
      "     getLogVal() top-level p.d.f evaluates to NaN @ !refCoefNorm=(), !pdfs=(sig = 0.00825088/1.70969,bkg = 6.40522/36.6218), !coefficients=(nHiggs = -362.39,nBkg = 187.071)\n",
      "     p.d.f value is less than zero (-0.143791), trying to recover @ !refCoefNorm=(), !pdfs=(sig = 0.0112958/1.70969,bkg = 5.40381/36.6218), !coefficients=(nHiggs = -362.39,nBkg = 187.071)\n",
      "     getLogVal() top-level p.d.f evaluates to NaN @ !refCoefNorm=(), !pdfs=(sig = 0.0112958/1.70969,bkg = 5.40381/36.6218), !coefficients=(nHiggs = -362.39,nBkg = 187.071)\n",
      "     p.d.f value is less than zero (-0.151149), trying to recover @ !refCoefNorm=(), !pdfs=(sig = 0.0104537/1.70969,bkg = 5.62143/36.6218), !coefficients=(nHiggs = -362.39,nBkg = 187.071)\n",
      "     getLogVal() top-level p.d.f evaluates to NaN @ !refCoefNorm=(), !pdfs=(sig = 0.0104537/1.70969,bkg = 5.62143/36.6218), !coefficients=(nHiggs = -362.39,nBkg = 187.071)\n",
      "     p.d.f value is less than zero (-0.136491), trying to recover @ !refCoefNorm=(), !pdfs=(sig = 0.0122519/1.70969,bkg = 5.19297/36.6218), !coefficients=(nHiggs = -362.39,nBkg = 187.071)\n",
      "    ... (remaining 2038 messages suppressed)\n",
      "\n",
      " MIGRAD MINIMIZATION HAS CONVERGED.\n",
      " MIGRAD WILL VERIFY CONVERGENCE AND ERROR MATRIX.\n",
      " COVARIANCE MATRIX CALCULATED SUCCESSFULLY\n",
      " FCN=-8132.34 FROM MIGRAD    STATUS=CONVERGED     156 CALLS         157 TOTAL\n",
      "                     EDM=7.88002e-06    STRATEGY= 1      ERROR MATRIX ACCURATE \n",
      "  EXT PARAMETER                                   STEP         FIRST   \n",
      "  NO.   NAME      VALUE            ERROR          SIZE      DERIVATIVE \n",
      "   1  mHiggs      -3.37401e+00   8.78994e-02   5.91254e-04  -2.44922e-01\n",
      "   2  nBkg         1.87105e+03   5.13996e+01   7.06887e-04   1.13252e-01\n",
      "   3  nHiggs       1.29004e+02   3.00777e+01   4.83512e-04  -1.66174e-02\n",
      "   4  slope       -1.98139e-01   5.81824e-03   3.16750e-05   1.46451e+00\n",
      "   5  wHiggs       4.68858e-01   2.92870e-01   6.74131e-03   3.30789e-03\n",
      "                               ERR DEF= 0.5\n",
      " EXTERNAL ERROR MATRIX.    NDIM=  25    NPAR=  5    ERR DEF=0.5\n",
      "  7.727e-03  2.631e-01 -2.641e-01 -6.621e-06 -2.064e-03 \n",
      "  2.631e-01  2.642e+03 -7.731e+02  4.950e-02 -6.446e+00 \n",
      " -2.641e-01 -7.731e+02  9.047e+02 -4.964e-02  6.471e+00 \n",
      " -6.621e-06  4.950e-02 -4.964e-02  3.385e-05 -4.266e-04 \n",
      " -2.064e-03 -6.446e+00  6.471e+00 -4.266e-04  8.648e-02 \n",
      " PARAMETER  CORRELATION COEFFICIENTS  \n",
      "       NO.  GLOBAL      1      2      3      4      5\n",
      "        1  0.10994   1.000  0.058 -0.100 -0.013 -0.080\n",
      "        2  0.50831   0.058  1.000 -0.500  0.166 -0.426\n",
      "        3  0.76691  -0.100 -0.500  1.000 -0.284  0.732\n",
      "        4  0.29404  -0.013  0.166 -0.284  1.000 -0.249\n",
      "        5  0.73611  -0.080 -0.426  0.732 -0.249  1.000\n",
      " **********\n",
      " **    7 **SET ERR         0.5\n",
      " **********\n",
      " **********\n",
      " **    8 **SET PRINT           1\n",
      " **********\n",
      " **********\n",
      " **    9 **HESSE        2500\n",
      " **********\n",
      " COVARIANCE MATRIX CALCULATED SUCCESSFULLY\n",
      " FCN=-8132.34 FROM HESSE     STATUS=OK             31 CALLS         188 TOTAL\n",
      "                     EDM=7.96181e-06    STRATEGY= 1      ERROR MATRIX ACCURATE \n",
      "  EXT PARAMETER                                INTERNAL      INTERNAL  \n",
      "  NO.   NAME      VALUE            ERROR       STEP SIZE       VALUE   \n",
      "   1  mHiggs      -3.37401e+00   8.92108e-02   2.36502e-05  -3.44155e-01\n",
      "   2  nBkg         1.87105e+03   5.17926e+01   1.41377e-04  -6.76144e-01\n",
      "   3  nHiggs       1.29004e+02   3.06736e+01   1.93405e-05  -1.07626e+00\n",
      "   4  slope       -1.98139e-01   5.83066e-03   6.33500e-06   1.35253e+00\n",
      "   5  wHiggs       4.68858e-01   3.01929e-01   2.69652e-04  -1.18231e+00\n",
      "                               ERR DEF= 0.5\n",
      " EXTERNAL ERROR MATRIX.    NDIM=  25    NPAR=  5    ERR DEF=0.5\n",
      "  7.959e-03  3.592e-01 -3.593e-01 -8.765e-07 -3.375e-03 \n",
      "  3.592e-01  2.683e+03 -8.117e+02  5.193e-02 -6.914e+00 \n",
      " -3.593e-01 -8.117e+02  9.409e+02 -5.194e-02  6.916e+00 \n",
      " -8.765e-07  5.193e-02 -5.194e-02  3.400e-05 -4.539e-04 \n",
      " -3.375e-03 -6.914e+00  6.916e+00 -4.539e-04  9.196e-02 \n",
      " PARAMETER  CORRELATION COEFFICIENTS  \n",
      "       NO.  GLOBAL      1      2      3      4      5\n",
      "        1  0.14466   1.000  0.078 -0.131 -0.002 -0.125\n",
      "        2  0.51922   0.078  1.000 -0.511  0.172 -0.440\n",
      "        3  0.77717  -0.131 -0.511  1.000 -0.290  0.744\n",
      "        4  0.30058  -0.002  0.172 -0.290  1.000 -0.257\n",
      "        5  0.74848  -0.125 -0.440  0.744 -0.257  1.000\n",
      "[#1] INFO:Minimization -- RooAbsMinimizerFcn::setOptimizeConst: deactivating const optimization\n",
      "[#1] INFO:NumericIntegration -- RooRealIntegral::init(sig_Int[mgg]) using numeric integrator RooIntegrator1D to calculate Int(mgg)\n",
      "[#1] INFO:ObjectHandling -- RooWorkspace::import(cms) importing RooAddPdf::model\n",
      "[#1] INFO:ObjectHandling -- RooWorkspace::import(cms) importing RooVoigtian::sig\n",
      "[#1] INFO:ObjectHandling -- RooWorkspace::import(cms) importing RooRealVar::mgg\n",
      "[#1] INFO:ObjectHandling -- RooWorkspace::import(cms) importing RooRealVar::mHiggs\n",
      "[#1] INFO:ObjectHandling -- RooWorkspace::import(cms) importing RooRealVar::wHiggs\n",
      "[#1] INFO:ObjectHandling -- RooWorkspace::import(cms) importing RooRealVar::sHiggs\n",
      "[#1] INFO:ObjectHandling -- RooWorkspace::import(cms) importing RooRealVar::nHiggs\n",
      "[#1] INFO:ObjectHandling -- RooWorkspace::import(cms) importing RooExponential::bkg\n",
      "[#1] INFO:ObjectHandling -- RooWorkspace::import(cms) importing RooRealVar::slope\n",
      "[#1] INFO:ObjectHandling -- RooWorkspace::import(cms) importing RooRealVar::nBkg\n",
      "[#1] INFO:ObjectHandling -- RooWorkspace::import(cms) importing dataset data\n",
      "[#1] INFO:NumericIntegration -- RooRealIntegral::init(sig_Int[mgg]) using numeric integrator RooIntegrator1D to calculate Int(mgg)\n",
      "[#1] INFO:NumericIntegration -- RooRealIntegral::init(sig_Int[mgg]) using numeric integrator RooIntegrator1D to calculate Int(mgg)\n",
      "[#1] INFO:ObjectHandling -- RooWorkspace::import(cms) importing RooNLLVar::nllCMS\n",
      "\n",
      "RooWorkspace(cms) cms contents\n",
      "\n",
      "variables\n",
      "---------\n",
      "(mHiggs,mgg,nBkg,nHiggs,sHiggs,slope,wHiggs)\n",
      "\n",
      "p.d.f.s\n",
      "-------\n",
      "RooExponential::bkg[ x=mgg c=slope ] = 1\n",
      "RooAddPdf::model[ nHiggs * sig + nBkg * bkg ] = 0.936264\n",
      "RooVoigtian::sig[ x=mgg mean=mHiggs width=wHiggs sigma=sHiggs ] = 0.0118448\n",
      "\n",
      "functions\n",
      "--------\n",
      "RooNLLVar::nllCMS[ paramSet=(mHiggs,nBkg,nHiggs,sHiggs,slope,wHiggs) ] = -8132.34\n",
      "\n",
      "datasets\n",
      "--------\n",
      "RooDataSet::data(mgg)\n",
      "\n"
     ]
    }
   ],
   "source": [
    "using namespace RooFit;\n",
    "RooRealVar mgg(\"mgg\",\"mgg\",-10,10);\n",
    "RooRealVar mHiggs(\"mHiggs\",\"mHiggs\",-3.2,-10,10);\n",
    "RooRealVar wHiggs(\"wHiggs\",\"wHiggs\",0.8,0.1,10);\n",
    "RooRealVar sHiggs(\"sHiggs\",\"sHiggs\",0.3);\n",
    "RooVoigtian sig(\"sig\",\"sig\",mgg,mHiggs,wHiggs,sHiggs);\n",
    "RooRealVar slope(\"slope\",\"slope\",-0.2,-100,1);\n",
    "RooExponential bkg(\"bkg\",\"bkg\",mgg,slope);\n",
    "RooRealVar nHiggs(\"nHiggs\",\"nHiggs\",500,-500.,10000.);\n",
    "RooRealVar nBkg(\"nBkg\",\"nBkg\",5000,0.,10000.);\n",
    "RooAddPdf model(\"model\",\"model\",RooArgList(sig,bkg),RooArgList(nHiggs,nBkg));\n",
    "RooDataSet* data = model.generate(mgg,NumEvents(2000),Name(\"data\"));\n",
    "model.fitTo(*data,Extended(),Minos(kFALSE));\n",
    "RooNLLVar nll(\"nllCMS\",\"nll\",model,*data,Extended());\n",
    "\n",
    "RooWorkspace cms(\"cms\",\"cms\");\n",
    "cms.import(model);\n",
    "cms.import(*data);\n",
    "cms.import(nll);\n",
    "cms.Print();\n",
    "TFile f(\"cms.root\",\"RECREATE\");\n",
    "cms.Write();\n",
    "f.Close();"
   ]
  },
  {
   "cell_type": "markdown",
   "id": "d4820a3c",
   "metadata": {},
   "source": [
    "## Combination\n",
    "Open the files, get the likelihood functions and combine!"
   ]
  },
  {
   "cell_type": "code",
   "execution_count": 5,
   "id": "12255a9c",
   "metadata": {
    "scrolled": false
   },
   "outputs": [
    {
     "data": {
